0.2417 0.2857 0.2397
0.2268 0.2874 0.2153
0.1975 0.3315 0.1965
0.3414 0.3166 0.1074
0.2587 0.1918 0.2634
0.2455 0.2075 0.1344
0.3163 0.1679 0.1725
0.2704 0.2605 0.1411
0.1871 0.2965 0.1231
0.3474 0.2715 0.1958
0.2059 0.2928 0.2839
0.2442 0.2272 0.2384
0.2126 0.3437 0.1128
0.2562 0.2542 0.1599
0.1640 0.2289 0.2627
0.2795 0.1880 0.1627
0.3463 0.1513 0.2281
0.3430 0.1508 0.1881
0.1981 0.2821 0.1294
0.2322 0.3025 0.2191
0.7352 0.2722 0.6962
0.7191 0.1825 0.7470
0.6921 0.1537 0.8172
0.6833 0.2048 0.8490
0.8012 0.2684 0.7673
0.7860 0.1734 0.7198
0.7205 0.1542 0.7295
0.6549 0.3288 0.8153
0.6968 0.3173 0.7389
0.7448 0.2095 0.6847
0.6746 0.3277 0.6725
0.7897 0.2801 0.7679
0.8399 0.3067 0.7003
0.8065 0.3206 0.7205
0.8357 0.3220 0.7879
0.7438 0.3230 0.8384
0.8172 0.3319 0.7628
0.8248 0.2614 0.8405
0.6979 0.2142 0.7309
0.6804 0.3181 0.7017
0.6973 0.3194 0.7522
0.7910 0.2239 0.7018
0.7052 0.2148 0.6866
0.8088 0.1908 0.7563
0.7640 0.1676 0.6994
0.7616 0.2881 0.8087
0.8188 0.2461 0.7273
0.7920 0.3178 0.7497
0.7802 0.1871 0.8102