run:
Treinamento 1:
Vetor de pesos inicial: 
0.14596513
0.14790656
0.72243667
5.521975E-4
0.9699991
Vetor EQM de tamanho:861
7,033302,
 2,870173,
 1,662256,
 1,271986,
 1,117519,
 1,037962,
 0,986985,
 0,949934,
 0,921272,
 0,898336,
 0,879546,
 0,863838,
 0,850449,
 0,838818,
 0,828530,
 0,819273,
 0,810814,
 0,802978,
 0,795633,
 0,788680,
 0,782043,
 0,775664,
 0,769502,
 0,763522,
 0,757700,
 0,752015,
 0,746454,
 0,741003,
 0,735655,
 0,730401,
 0,725236,
 0,720156,
 0,715156,
 0,710232,
 0,705383,
 0,700607,
 0,695900,
 0,691261,
 0,686689,
 0,682181,
 0,677737,
 0,673356,
 0,669035,
 0,664775,
 0,660573,
 0,656428,
 0,652341,
 0,648309,
 0,644332,
 0,640409,
 0,636538,
 0,632720,
 0,628953,
 0,625236,
 0,621569,
 0,617950,
 0,614380,
 0,610856,
 0,607379,
 0,603947,
 0,600561,
 0,597219,
 0,593920,
 0,590665,
 0,587451,
 0,584279,
 0,581148,
 0,578058,
 0,575007,
 0,571995,
 0,569021,
 0,566086,
 0,563188,
 0,560327,
 0,557502,
 0,554712,
 0,551958,
 0,549239,
 0,546553,
 0,543902,
 0,541283,
 0,538697,
 0,536144,
 0,533622,
 0,531131,
 0,528671,
 0,526242,
 0,523842,
 0,521472,
 0,519131,
 0,516818,
 0,514534,
 0,512278,
 0,510049,
 0,507848,
 0,505673,
 0,503524,
 0,501401,
 0,499304,
 0,497232,
 0,495185,
 0,493163,
 0,491165,
 0,489190,
 0,487239,
 0,485312,
 0,483407,
 0,481525,
 0,479665,
 0,477827,
 0,476011,
 0,474217,
 0,472443,
 0,470690,
 0,468958,
 0,467246,
 0,465554,
 0,463882,
 0,462229,
 0,460595,
 0,458981,
 0,457385,
 0,455807,
 0,454248,
 0,452707,
 0,451184,
 0,449678,
 0,448189,
 0,446718,
 0,445263,
 0,443825,
 0,442403,
 0,440998,
 0,439608,
 0,438234,
 0,436876,
 0,435533,
 0,434206,
 0,432893,
 0,431596,
 0,430313,
 0,429044,
 0,427790,
 0,426549,
 0,425323,
 0,424110,
 0,422911,
 0,421725,
 0,420552,
 0,419393,
 0,418246,
 0,417112,
 0,415991,
 0,414882,
 0,413785,
 0,412701,
 0,411628,
 0,410567,
 0,409518,
 0,408481,
 0,407455,
 0,406440,
 0,405436,
 0,404443,
 0,403461,
 0,402489,
 0,401529,
 0,400578,
 0,399638,
 0,398708,
 0,397789,
 0,396879,
 0,395979,
 0,395089,
 0,394208,
 0,393337,
 0,392475,
 0,391623,
 0,390780,
 0,389946,
 0,389120,
 0,388304,
 0,387496,
 0,386697,
 0,385906,
 0,385124,
 0,384351,
 0,383585,
 0,382828,
 0,382078,
 0,381337,
 0,380603,
 0,379878,
 0,379159,
 0,378449,
 0,377746,
 0,377050,
 0,376362,
 0,375681,
 0,375007,
 0,374340,
 0,373680,
 0,373028,
 0,372382,
 0,371742,
 0,371110,
 0,370484,
 0,369864,
 0,369251,
 0,368645,
 0,368044,
 0,367450,
 0,366862,
 0,366281,
 0,365705,
 0,365135,
 0,364571,
 0,364013,
 0,363461,
 0,362914,
 0,362373,
 0,361838,
 0,361308,
 0,360784,
 0,360265,
 0,359751,
 0,359242,
 0,358739,
 0,358241,
 0,357748,
 0,357261,
 0,356778,
 0,356300,
 0,355826,
 0,355358,
 0,354895,
 0,354436,
 0,353982,
 0,353533,
 0,353088,
 0,352647,
 0,352211,
 0,351780,
 0,351353,
 0,350930,
 0,350511,
 0,350097,
 0,349687,
 0,349281,
 0,348879,
 0,348481,
 0,348088,
 0,347698,
 0,347312,
 0,346930,
 0,346552,
 0,346177,
 0,345807,
 0,345440,
 0,345077,
 0,344717,
 0,344361,
 0,344009,
 0,343660,
 0,343314,
 0,342972,
 0,342634,
 0,342299,
 0,341967,
 0,341638,
 0,341313,
 0,340991,
 0,340672,
 0,340357,
 0,340044,
 0,339735,
 0,339429,
 0,339125,
 0,338825,
 0,338528,
 0,338233,
 0,337942,
 0,337653,
 0,337367,
 0,337085,
 0,336804,
 0,336527,
 0,336253,
 0,335981,
 0,335711,
 0,335445,
 0,335181,
 0,334920,
 0,334661,
 0,334405,
 0,334151,
 0,333900,
 0,333651,
 0,333405,
 0,333161,
 0,332919,
 0,332680,
 0,332443,
 0,332209,
 0,331977,
 0,331747,
 0,331519,
 0,331294,
 0,331071,
 0,330850,
 0,330631,
 0,330414,
 0,330199,
 0,329987,
 0,329776,
 0,329568,
 0,329362,
 0,329157,
 0,328955,
 0,328754,
 0,328556,
 0,328359,
 0,328165,
 0,327972,
 0,327781,
 0,327592,
 0,327405,
 0,327219,
 0,327036,
 0,326854,
 0,326674,
 0,326496,
 0,326319,
 0,326145,
 0,325971,
 0,325800,
 0,325630,
 0,325462,
 0,325295,
 0,325130,
 0,324967,
 0,324805,
 0,324645,
 0,324486,
 0,324329,
 0,324173,
 0,324019,
 0,323867,
 0,323715,
 0,323566,
 0,323417,
 0,323271,
 0,323125,
 0,322981,
 0,322838,
 0,322697,
 0,322557,
 0,322418,
 0,322281,
 0,322145,
 0,322011,
 0,321878,
 0,321745,
 0,321615,
 0,321485,
 0,321357,
 0,321230,
 0,321104,
 0,320979,
 0,320856,
 0,320733,
 0,320612,
 0,320492,
 0,320374,
 0,320256,
 0,320139,
 0,320024,
 0,319910,
 0,319796,
 0,319684,
 0,319573,
 0,319463,
 0,319354,
 0,319246,
 0,319139,
 0,319033,
 0,318928,
 0,318825,
 0,318722,
 0,318620,
 0,318519,
 0,318419,
 0,318320,
 0,318222,
 0,318125,
 0,318029,
 0,317933,
 0,317839,
 0,317745,
 0,317653,
 0,317561,
 0,317470,
 0,317380,
 0,317291,
 0,317203,
 0,317115,
 0,317029,
 0,316943,
 0,316858,
 0,316774,
 0,316691,
 0,316608,
 0,316526,
 0,316445,
 0,316365,
 0,316286,
 0,316207,
 0,316129,
 0,316052,
 0,315975,
 0,315899,
 0,315824,
 0,315750,
 0,315677,
 0,315604,
 0,315531,
 0,315460,
 0,315389,
 0,315319,
 0,315249,
 0,315180,
 0,315112,
 0,315044,
 0,314977,
 0,314911,
 0,314846,
 0,314780,
 0,314716,
 0,314652,
 0,314589,
 0,314526,
 0,314464,
 0,314403,
 0,314342,
 0,314282,
 0,314222,
 0,314163,
 0,314104,
 0,314046,
 0,313989,
 0,313932,
 0,313875,
 0,313819,
 0,313764,
 0,313709,
 0,313655,
 0,313601,
 0,313548,
 0,313495,
 0,313443,
 0,313391,
 0,313340,
 0,313289,
 0,313239,
 0,313189,
 0,313139,
 0,313090,
 0,313042,
 0,312994,
 0,312946,
 0,312899,
 0,312853,
 0,312807,
 0,312761,
 0,312715,
 0,312671,
 0,312626,
 0,312582,
 0,312538,
 0,312495,
 0,312452,
 0,312410,
 0,312368,
 0,312326,
 0,312285,
 0,312244,
 0,312204,
 0,312164,
 0,312124,
 0,312085,
 0,312046,
 0,312007,
 0,311969,
 0,311931,
 0,311894,
 0,311856,
 0,311819,
 0,311783,
 0,311747,
 0,311711,
 0,311676,
 0,311641,
 0,311606,
 0,311572,
 0,311537,
 0,311504,
 0,311470,
 0,311437,
 0,311404,
 0,311372,
 0,311340,
 0,311308,
 0,311276,
 0,311245,
 0,311214,
 0,311183,
 0,311153,
 0,311122,
 0,311093,
 0,311063,
 0,311034,
 0,311005,
 0,310976,
 0,310948,
 0,310919,
 0,310891,
 0,310864,
 0,310836,
 0,310809,
 0,310782,
 0,310756,
 0,310729,
 0,310703,
 0,310677,
 0,310651,
 0,310626,
 0,310601,
 0,310576,
 0,310551,
 0,310527,
 0,310503,
 0,310479,
 0,310455,
 0,310432,
 0,310408,
 0,310385,
 0,310362,
 0,310340,
 0,310317,
 0,310295,
 0,310273,
 0,310251,
 0,310229,
 0,310208,
 0,310187,
 0,310166,
 0,310145,
 0,310124,
 0,310104,
 0,310084,
 0,310064,
 0,310044,
 0,310024,
 0,310005,
 0,309985,
 0,309966,
 0,309947,
 0,309929,
 0,309910,
 0,309892,
 0,309874,
 0,309855,
 0,309838,
 0,309820,
 0,309802,
 0,309785,
 0,309768,
 0,309751,
 0,309734,
 0,309717,
 0,309701,
 0,309684,
 0,309668,
 0,309652,
 0,309636,
 0,309620,
 0,309604,
 0,309589,
 0,309574,
 0,309559,
 0,309543,
 0,309529,
 0,309514,
 0,309499,
 0,309485,
 0,309470,
 0,309456,
 0,309442,
 0,309428,
 0,309414,
 0,309401,
 0,309387,
 0,309374,
 0,309360,
 0,309347,
 0,309334,
 0,309321,
 0,309309,
 0,309296,
 0,309283,
 0,309271,
 0,309259,
 0,309246,
 0,309234,
 0,309222,
 0,309211,
 0,309199,
 0,309187,
 0,309176,
 0,309164,
 0,309153,
 0,309142,
 0,309131,
 0,309120,
 0,309109,
 0,309098,
 0,309087,
 0,309077,
 0,309066,
 0,309056,
 0,309046,
 0,309036,
 0,309026,
 0,309016,
 0,309006,
 0,308996,
 0,308986,
 0,308977,
 0,308967,
 0,308958,
 0,308948,
 0,308939,
 0,308930,
 0,308921,
 0,308912,
 0,308903,
 0,308894,
 0,308885,
 0,308877,
 0,308868,
 0,308860,
 0,308852,
 0,308843,
 0,308835,
 0,308827,
 0,308819,
 0,308811,
 0,308803,
 0,308795,
 0,308787,
 0,308780,
 0,308772,
 0,308765,
 0,308757,
 0,308750,
 0,308742,
 0,308735,
 0,308728,
 0,308721,
 0,308714,
 0,308707,
 0,308700,
 0,308693,
 0,308686,
 0,308680,
 0,308673,
 0,308666,
 0,308660,
 0,308653,
 0,308647,
 0,308641,
 0,308634,
 0,308628,
 0,308622,
 0,308616,
 0,308610,
 0,308604,
 0,308598,
 0,308592,
 0,308586,
 0,308581,
 0,308575,
 0,308569,
 0,308564,
 0,308558,
 0,308553,
 0,308547,
 0,308542,
 0,308537,
 0,308531,
 0,308526,
 0,308521,
 0,308516,
 0,308511,
 0,308506,
 0,308501,
 0,308496,
 0,308491,
 0,308486,
 0,308482,
 0,308477,
 0,308472,
 0,308467,
 0,308463,
 0,308458,
 0,308454,
 0,308449,
 0,308445,
 0,308440,
 0,308436,
 0,308432,
 0,308428,
 0,308423,
 0,308419,
 0,308415,
 0,308411,
 0,308407,
 0,308403,
 0,308399,
 0,308395,
 0,308391,
 0,308387,
 0,308384,
 0,308380,
 0,308376,
 0,308372,
 0,308369,
 0,308365,
 0,308362,
 0,308358,
 0,308355,
 0,308351,
 0,308348,
 0,308344,
 0,308341,
 0,308337,
 0,308334,
 0,308331,
 0,308328,
 0,308324,
 0,308321,
 0,308318,
 0,308315,
 0,308312,
 0,308309,
 0,308306,
 0,308303,
 0,308300,
 0,308297,
 0,308294,
 0,308291,
 0,308288,
 0,308285,
 0,308283,
 0,308280,
 0,308277,
 0,308274,
 0,308272,
 0,308269,
 0,308266,
 0,308264,
 0,308261,
 0,308259,
 0,308256,
 0,308253,
 0,308251,
 0,308249,
 0,308246,
 0,308244,
 0,308241,
 0,308239,
 0,308237,
 0,308234,
 0,308232,
 0,308230,
 0,308227,
 0,308225,
 0,308223,
 0,308221,
 0,308219,
 0,308217,
 0,308215,
 0,308212,
 0,308210,
 0,308208,
 0,308206,
 0,308204,
 0,308202,
 0,308200,
 0,308198,
 0,308196,
 0,308194,
 0,308192,
 0,308191,
 0,308189,
 0,308187,
 0,308185,
 0,308183,
 0,308182,
 0,308180,
 0,308178,
 0,308176,
 0,308175,
 0,308173,
 0,308171,
 0,308169,
 0,308168,
 0,308166,
 0,308165,
 0,308163,
 0,308162,
 0,308160,
 0,308158,
 0,308157,
 0,308155,
 0,308154,
 0,308152,
 0,308151,
 0,308149,
 0,308148,
 0,308147,
 0,308145,
 0,308144,
 0,308142,
 0,308141,
 0,308140,
 0,308138,
 0,308137,
 0,308136,
 0,308134,
 0,308133,
 0,308132,
 0,308131,
 0,308130,
 0,308128,
 0,308127,
 0,308126,
 0,308125,
 0,308124,
 0,308122,
 0,308121,
 0,308120,
 0,308119,
 0,308118,
 0,308117,
 0,308116,
 0,308114,
 0,308113,
 0,308112,
 0,308111,
 0,308110,
 O treinamento teve 861 epocas.
Vetor de pesos final: 
-1.8106345
1.3123542
1.6409204
-0.4261549
-1.17681
Classificação de amostras do treino:1
Amostra:1 Classificação:-1
Amostra:2 Classificação:-1
Amostra:3 Classificação:1
Amostra:4 Classificação:-1
Amostra:5 Classificação:-1
Amostra:6 Classificação:1
Amostra:7 Classificação:1
Amostra:8 Classificação:1
Amostra:9 Classificação:1
Amostra:10 Classificação:-1
Amostra:11 Classificação:-1
Amostra:12 Classificação:1
Amostra:13 Classificação:-1
Amostra:14 Classificação:-1
Amostra:15 Classificação:1

Treinamento 2:
Vetor de pesos inicial: 
0.13884005
0.5140196
0.14899082
0.6040211
0.5392128
Vetor EQM de tamanho:882
3,081782,
 1,519446,
 1,081748,
 0,952817,
 0,910008,
 0,891955,
 0,881428,
 0,873424,
 0,866404,
 0,859847,
 0,853556,
 0,847444,
 0,841469,
 0,835605,
 0,829838,
 0,824159,
 0,818561,
 0,813040,
 0,807593,
 0,802216,
 0,796907,
 0,791666,
 0,786489,
 0,781376,
 0,776325,
 0,771336,
 0,766407,
 0,761537,
 0,756726,
 0,751973,
 0,747275,
 0,742634,
 0,738048,
 0,733516,
 0,729037,
 0,724611,
 0,720237,
 0,715914,
 0,711641,
 0,707419,
 0,703245,
 0,699120,
 0,695043,
 0,691013,
 0,687029,
 0,683091,
 0,679199,
 0,675350,
 0,671546,
 0,667786,
 0,664068,
 0,660392,
 0,656759,
 0,653166,
 0,649614,
 0,646102,
 0,642630,
 0,639196,
 0,635801,
 0,632445,
 0,629125,
 0,625843,
 0,622597,
 0,619388,
 0,616214,
 0,613075,
 0,609971,
 0,606901,
 0,603865,
 0,600863,
 0,597893,
 0,594957,
 0,592052,
 0,589179,
 0,586338,
 0,583527,
 0,580747,
 0,577998,
 0,575278,
 0,572587,
 0,569926,
 0,567294,
 0,564690,
 0,562114,
 0,559566,
 0,557045,
 0,554551,
 0,552085,
 0,549644,
 0,547230,
 0,544841,
 0,542478,
 0,540140,
 0,537827,
 0,535539,
 0,533274,
 0,531034,
 0,528818,
 0,526625,
 0,524455,
 0,522308,
 0,520183,
 0,518082,
 0,516002,
 0,513944,
 0,511907,
 0,509892,
 0,507898,
 0,505925,
 0,503972,
 0,502040,
 0,500128,
 0,498236,
 0,496364,
 0,494510,
 0,492677,
 0,490862,
 0,489066,
 0,487289,
 0,485530,
 0,483789,
 0,482066,
 0,480361,
 0,478673,
 0,477003,
 0,475350,
 0,473714,
 0,472095,
 0,470492,
 0,468906,
 0,467336,
 0,465782,
 0,464244,
 0,462721,
 0,461214,
 0,459723,
 0,458246,
 0,456785,
 0,455339,
 0,453907,
 0,452490,
 0,451087,
 0,449698,
 0,448323,
 0,446963,
 0,445616,
 0,444282,
 0,442962,
 0,441656,
 0,440362,
 0,439082,
 0,437814,
 0,436559,
 0,435317,
 0,434087,
 0,432870,
 0,431665,
 0,430471,
 0,429290,
 0,428121,
 0,426963,
 0,425817,
 0,424682,
 0,423559,
 0,422447,
 0,421346,
 0,420255,
 0,419176,
 0,418108,
 0,417050,
 0,416002,
 0,414965,
 0,413938,
 0,412922,
 0,411915,
 0,410918,
 0,409932,
 0,408955,
 0,407987,
 0,407030,
 0,406081,
 0,405142,
 0,404213,
 0,403292,
 0,402380,
 0,401478,
 0,400584,
 0,399699,
 0,398823,
 0,397956,
 0,397097,
 0,396246,
 0,395404,
 0,394570,
 0,393744,
 0,392926,
 0,392116,
 0,391314,
 0,390520,
 0,389734,
 0,388956,
 0,388184,
 0,387421,
 0,386665,
 0,385916,
 0,385175,
 0,384441,
 0,383714,
 0,382994,
 0,382281,
 0,381575,
 0,380876,
 0,380184,
 0,379498,
 0,378819,
 0,378146,
 0,377481,
 0,376821,
 0,376168,
 0,375521,
 0,374881,
 0,374247,
 0,373618,
 0,372996,
 0,372380,
 0,371770,
 0,371166,
 0,370567,
 0,369975,
 0,369388,
 0,368807,
 0,368231,
 0,367661,
 0,367096,
 0,366537,
 0,365983,
 0,365435,
 0,364892,
 0,364354,
 0,363821,
 0,363293,
 0,362770,
 0,362253,
 0,361740,
 0,361232,
 0,360730,
 0,360231,
 0,359738,
 0,359250,
 0,358766,
 0,358287,
 0,357812,
 0,357342,
 0,356876,
 0,356415,
 0,355958,
 0,355506,
 0,355058,
 0,354614,
 0,354174,
 0,353739,
 0,353308,
 0,352881,
 0,352458,
 0,352039,
 0,351624,
 0,351213,
 0,350805,
 0,350402,
 0,350003,
 0,349607,
 0,349215,
 0,348827,
 0,348443,
 0,348062,
 0,347685,
 0,347311,
 0,346941,
 0,346575,
 0,346212,
 0,345852,
 0,345496,
 0,345143,
 0,344794,
 0,344448,
 0,344105,
 0,343765,
 0,343429,
 0,343095,
 0,342765,
 0,342438,
 0,342115,
 0,341794,
 0,341476,
 0,341161,
 0,340850,
 0,340541,
 0,340235,
 0,339932,
 0,339632,
 0,339335,
 0,339040,
 0,338749,
 0,338460,
 0,338174,
 0,337890,
 0,337609,
 0,337331,
 0,337056,
 0,336783,
 0,336512,
 0,336245,
 0,335979,
 0,335717,
 0,335456,
 0,335198,
 0,334943,
 0,334690,
 0,334439,
 0,334191,
 0,333945,
 0,333701,
 0,333460,
 0,333221,
 0,332984,
 0,332750,
 0,332517,
 0,332287,
 0,332059,
 0,331833,
 0,331610,
 0,331388,
 0,331168,
 0,330951,
 0,330736,
 0,330522,
 0,330311,
 0,330101,
 0,329894,
 0,329688,
 0,329485,
 0,329283,
 0,329083,
 0,328886,
 0,328690,
 0,328495,
 0,328303,
 0,328112,
 0,327924,
 0,327737,
 0,327551,
 0,327368,
 0,327186,
 0,327006,
 0,326828,
 0,326651,
 0,326476,
 0,326302,
 0,326131,
 0,325960,
 0,325792,
 0,325625,
 0,325459,
 0,325296,
 0,325133,
 0,324972,
 0,324813,
 0,324655,
 0,324499,
 0,324344,
 0,324191,
 0,324039,
 0,323888,
 0,323739,
 0,323591,
 0,323445,
 0,323300,
 0,323156,
 0,323014,
 0,322873,
 0,322733,
 0,322595,
 0,322458,
 0,322322,
 0,322187,
 0,322054,
 0,321922,
 0,321791,
 0,321662,
 0,321533,
 0,321406,
 0,321280,
 0,321156,
 0,321032,
 0,320910,
 0,320788,
 0,320668,
 0,320549,
 0,320431,
 0,320315,
 0,320199,
 0,320084,
 0,319971,
 0,319858,
 0,319747,
 0,319636,
 0,319527,
 0,319418,
 0,319311,
 0,319205,
 0,319099,
 0,318995,
 0,318892,
 0,318789,
 0,318688,
 0,318587,
 0,318488,
 0,318389,
 0,318291,
 0,318195,
 0,318099,
 0,318004,
 0,317910,
 0,317816,
 0,317724,
 0,317632,
 0,317542,
 0,317452,
 0,317363,
 0,317275,
 0,317187,
 0,317101,
 0,317015,
 0,316931,
 0,316846,
 0,316763,
 0,316681,
 0,316599,
 0,316518,
 0,316438,
 0,316358,
 0,316279,
 0,316201,
 0,316124,
 0,316048,
 0,315972,
 0,315897,
 0,315822,
 0,315748,
 0,315675,
 0,315603,
 0,315531,
 0,315460,
 0,315390,
 0,315320,
 0,315251,
 0,315183,
 0,315115,
 0,315048,
 0,314981,
 0,314915,
 0,314850,
 0,314786,
 0,314722,
 0,314658,
 0,314595,
 0,314533,
 0,314471,
 0,314410,
 0,314350,
 0,314290,
 0,314230,
 0,314171,
 0,314113,
 0,314055,
 0,313998,
 0,313941,
 0,313885,
 0,313830,
 0,313775,
 0,313720,
 0,313666,
 0,313612,
 0,313559,
 0,313507,
 0,313455,
 0,313403,
 0,313352,
 0,313301,
 0,313251,
 0,313201,
 0,313152,
 0,313103,
 0,313055,
 0,313007,
 0,312960,
 0,312913,
 0,312866,
 0,312820,
 0,312775,
 0,312729,
 0,312684,
 0,312640,
 0,312596,
 0,312552,
 0,312509,
 0,312466,
 0,312424,
 0,312382,
 0,312341,
 0,312299,
 0,312259,
 0,312218,
 0,312178,
 0,312139,
 0,312099,
 0,312060,
 0,312022,
 0,311984,
 0,311946,
 0,311908,
 0,311871,
 0,311835,
 0,311798,
 0,311762,
 0,311726,
 0,311691,
 0,311656,
 0,311621,
 0,311586,
 0,311552,
 0,311519,
 0,311485,
 0,311452,
 0,311419,
 0,311386,
 0,311354,
 0,311322,
 0,311291,
 0,311259,
 0,311228,
 0,311198,
 0,311167,
 0,311137,
 0,311107,
 0,311077,
 0,311048,
 0,311019,
 0,310990,
 0,310962,
 0,310934,
 0,310905,
 0,310878,
 0,310850,
 0,310823,
 0,310796,
 0,310769,
 0,310743,
 0,310717,
 0,310691,
 0,310665,
 0,310640,
 0,310615,
 0,310590,
 0,310565,
 0,310540,
 0,310516,
 0,310492,
 0,310468,
 0,310445,
 0,310421,
 0,310398,
 0,310375,
 0,310352,
 0,310330,
 0,310307,
 0,310285,
 0,310264,
 0,310242,
 0,310220,
 0,310199,
 0,310178,
 0,310157,
 0,310137,
 0,310116,
 0,310096,
 0,310076,
 0,310056,
 0,310036,
 0,310016,
 0,309997,
 0,309978,
 0,309959,
 0,309940,
 0,309922,
 0,309903,
 0,309885,
 0,309867,
 0,309849,
 0,309831,
 0,309813,
 0,309796,
 0,309779,
 0,309761,
 0,309745,
 0,309728,
 0,309711,
 0,309695,
 0,309678,
 0,309662,
 0,309646,
 0,309630,
 0,309615,
 0,309599,
 0,309584,
 0,309568,
 0,309553,
 0,309538,
 0,309523,
 0,309509,
 0,309494,
 0,309480,
 0,309466,
 0,309451,
 0,309437,
 0,309424,
 0,309410,
 0,309396,
 0,309383,
 0,309369,
 0,309356,
 0,309343,
 0,309330,
 0,309317,
 0,309304,
 0,309292,
 0,309279,
 0,309267,
 0,309255,
 0,309243,
 0,309230,
 0,309219,
 0,309207,
 0,309195,
 0,309184,
 0,309172,
 0,309161,
 0,309150,
 0,309138,
 0,309127,
 0,309117,
 0,309106,
 0,309095,
 0,309084,
 0,309074,
 0,309063,
 0,309053,
 0,309043,
 0,309033,
 0,309023,
 0,309013,
 0,309003,
 0,308993,
 0,308984,
 0,308974,
 0,308965,
 0,308955,
 0,308946,
 0,308937,
 0,308928,
 0,308918,
 0,308910,
 0,308901,
 0,308892,
 0,308883,
 0,308875,
 0,308866,
 0,308858,
 0,308849,
 0,308841,
 0,308833,
 0,308825,
 0,308817,
 0,308809,
 0,308801,
 0,308793,
 0,308785,
 0,308778,
 0,308770,
 0,308763,
 0,308755,
 0,308748,
 0,308741,
 0,308733,
 0,308726,
 0,308719,
 0,308712,
 0,308705,
 0,308698,
 0,308691,
 0,308685,
 0,308678,
 0,308671,
 0,308665,
 0,308658,
 0,308652,
 0,308645,
 0,308639,
 0,308633,
 0,308627,
 0,308621,
 0,308614,
 0,308608,
 0,308603,
 0,308597,
 0,308591,
 0,308585,
 0,308579,
 0,308574,
 0,308568,
 0,308562,
 0,308557,
 0,308551,
 0,308546,
 0,308541,
 0,308535,
 0,308530,
 0,308525,
 0,308520,
 0,308515,
 0,308510,
 0,308505,
 0,308500,
 0,308495,
 0,308490,
 0,308485,
 0,308480,
 0,308476,
 0,308471,
 0,308466,
 0,308462,
 0,308457,
 0,308453,
 0,308448,
 0,308444,
 0,308440,
 0,308435,
 0,308431,
 0,308427,
 0,308423,
 0,308418,
 0,308414,
 0,308410,
 0,308406,
 0,308402,
 0,308398,
 0,308394,
 0,308390,
 0,308387,
 0,308383,
 0,308379,
 0,308375,
 0,308372,
 0,308368,
 0,308364,
 0,308361,
 0,308357,
 0,308354,
 0,308350,
 0,308347,
 0,308343,
 0,308340,
 0,308337,
 0,308333,
 0,308330,
 0,308327,
 0,308324,
 0,308320,
 0,308317,
 0,308314,
 0,308311,
 0,308308,
 0,308305,
 0,308302,
 0,308299,
 0,308296,
 0,308293,
 0,308290,
 0,308288,
 0,308285,
 0,308282,
 0,308279,
 0,308276,
 0,308274,
 0,308271,
 0,308268,
 0,308266,
 0,308263,
 0,308260,
 0,308258,
 0,308255,
 0,308253,
 0,308250,
 0,308248,
 0,308246,
 0,308243,
 0,308241,
 0,308239,
 0,308236,
 0,308234,
 0,308231,
 0,308229,
 0,308227,
 0,308225,
 0,308223,
 0,308220,
 0,308218,
 0,308216,
 0,308214,
 0,308212,
 0,308210,
 0,308208,
 0,308206,
 0,308204,
 0,308202,
 0,308200,
 0,308198,
 0,308196,
 0,308194,
 0,308192,
 0,308190,
 0,308188,
 0,308187,
 0,308185,
 0,308183,
 0,308181,
 0,308180,
 0,308178,
 0,308176,
 0,308174,
 0,308173,
 0,308171,
 0,308169,
 0,308168,
 0,308166,
 0,308164,
 0,308163,
 0,308161,
 0,308160,
 0,308158,
 0,308157,
 0,308155,
 0,308154,
 0,308152,
 0,308151,
 0,308149,
 0,308148,
 0,308146,
 0,308145,
 0,308143,
 0,308142,
 0,308141,
 0,308139,
 0,308138,
 0,308137,
 0,308136,
 0,308134,
 0,308133,
 0,308132,
 0,308130,
 0,308129,
 0,308128,
 0,308127,
 0,308125,
 0,308124,
 0,308123,
 0,308122,
 0,308121,
 0,308120,
 0,308119,
 0,308117,
 0,308116,
 O treinamento teve 882 epocas.
Vetor de pesos final: 
-1.8095685
1.3122752
1.6405011
-0.4252065
-1.1764942
Classificação de amostras do treino:2
Amostra:1 Classificação:-1
Amostra:2 Classificação:-1
Amostra:3 Classificação:1
Amostra:4 Classificação:-1
Amostra:5 Classificação:-1
Amostra:6 Classificação:1
Amostra:7 Classificação:1
Amostra:8 Classificação:1
Amostra:9 Classificação:1
Amostra:10 Classificação:-1
Amostra:11 Classificação:-1
Amostra:12 Classificação:1
Amostra:13 Classificação:-1
Amostra:14 Classificação:-1
Amostra:15 Classificação:1

Treinamento 3:
Vetor de pesos inicial: 
0.28540304
0.9223029
0.24832645
0.05596908
0.4722518
Vetor EQM de tamanho:866
2,621105,
 1,377566,
 1,024976,
 0,917996,
 0,880173,
 0,862646,
 0,851557,
 0,842796,
 0,835045,
 0,827832,
 0,820959,
 0,814331,
 0,807895,
 0,801619,
 0,795482,
 0,789470,
 0,783572,
 0,777780,
 0,772088,
 0,766491,
 0,760985,
 0,755567,
 0,750232,
 0,744980,
 0,739806,
 0,734710,
 0,729690,
 0,724743,
 0,719867,
 0,715062,
 0,710326,
 0,705658,
 0,701055,
 0,696517,
 0,692043,
 0,687631,
 0,683280,
 0,678989,
 0,674756,
 0,670582,
 0,666464,
 0,662402,
 0,658395,
 0,654441,
 0,650541,
 0,646692,
 0,642895,
 0,639147,
 0,635449,
 0,631799,
 0,628197,
 0,624642,
 0,621133,
 0,617669,
 0,614250,
 0,610875,
 0,607543,
 0,604253,
 0,601005,
 0,597798,
 0,594632,
 0,591506,
 0,588418,
 0,585369,
 0,582359,
 0,579385,
 0,576449,
 0,573548,
 0,570684,
 0,567854,
 0,565060,
 0,562299,
 0,559572,
 0,556878,
 0,554217,
 0,551587,
 0,548990,
 0,546423,
 0,543888,
 0,541382,
 0,538907,
 0,536461,
 0,534044,
 0,531655,
 0,529295,
 0,526963,
 0,524658,
 0,522380,
 0,520128,
 0,517903,
 0,515704,
 0,513530,
 0,511381,
 0,509258,
 0,507159,
 0,505084,
 0,503033,
 0,501005,
 0,499001,
 0,497019,
 0,495060,
 0,493124,
 0,491209,
 0,489316,
 0,487445,
 0,485594,
 0,483765,
 0,481956,
 0,480167,
 0,478399,
 0,476650,
 0,474921,
 0,473211,
 0,471520,
 0,469848,
 0,468195,
 0,466559,
 0,464942,
 0,463343,
 0,461761,
 0,460197,
 0,458650,
 0,457120,
 0,455607,
 0,454110,
 0,452630,
 0,451165,
 0,449717,
 0,448285,
 0,446868,
 0,445466,
 0,444080,
 0,442708,
 0,441352,
 0,440010,
 0,438682,
 0,437369,
 0,436070,
 0,434785,
 0,433514,
 0,432256,
 0,431012,
 0,429781,
 0,428563,
 0,427358,
 0,426166,
 0,424986,
 0,423819,
 0,422665,
 0,421522,
 0,420392,
 0,419274,
 0,418167,
 0,417072,
 0,415989,
 0,414917,
 0,413856,
 0,412807,
 0,411768,
 0,410741,
 0,409724,
 0,408718,
 0,407722,
 0,406736,
 0,405761,
 0,404796,
 0,403841,
 0,402896,
 0,401961,
 0,401036,
 0,400120,
 0,399213,
 0,398316,
 0,397428,
 0,396550,
 0,395680,
 0,394819,
 0,393967,
 0,393124,
 0,392290,
 0,391464,
 0,390647,
 0,389838,
 0,389037,
 0,388245,
 0,387460,
 0,386684,
 0,385915,
 0,385155,
 0,384402,
 0,383657,
 0,382919,
 0,382189,
 0,381466,
 0,380751,
 0,380043,
 0,379342,
 0,378648,
 0,377961,
 0,377281,
 0,376608,
 0,375942,
 0,375282,
 0,374629,
 0,373983,
 0,373343,
 0,372709,
 0,372082,
 0,371462,
 0,370847,
 0,370239,
 0,369637,
 0,369040,
 0,368450,
 0,367866,
 0,367287,
 0,366714,
 0,366147,
 0,365586,
 0,365030,
 0,364480,
 0,363935,
 0,363396,
 0,362862,
 0,362333,
 0,361810,
 0,361292,
 0,360779,
 0,360271,
 0,359768,
 0,359270,
 0,358777,
 0,358289,
 0,357805,
 0,357327,
 0,356853,
 0,356384,
 0,355919,
 0,355459,
 0,355004,
 0,354553,
 0,354106,
 0,353664,
 0,353227,
 0,352793,
 0,352364,
 0,351939,
 0,351518,
 0,351101,
 0,350689,
 0,350280,
 0,349876,
 0,349475,
 0,349078,
 0,348686,
 0,348297,
 0,347912,
 0,347530,
 0,347152,
 0,346778,
 0,346408,
 0,346041,
 0,345678,
 0,345319,
 0,344963,
 0,344610,
 0,344261,
 0,343915,
 0,343572,
 0,343233,
 0,342898,
 0,342565,
 0,342236,
 0,341909,
 0,341587,
 0,341267,
 0,340950,
 0,340636,
 0,340326,
 0,340018,
 0,339713,
 0,339411,
 0,339113,
 0,338817,
 0,338524,
 0,338233,
 0,337946,
 0,337661,
 0,337379,
 0,337100,
 0,336824,
 0,336550,
 0,336279,
 0,336010,
 0,335744,
 0,335481,
 0,335220,
 0,334961,
 0,334706,
 0,334452,
 0,334201,
 0,333952,
 0,333706,
 0,333462,
 0,333221,
 0,332982,
 0,332745,
 0,332510,
 0,332278,
 0,332048,
 0,331820,
 0,331594,
 0,331370,
 0,331149,
 0,330929,
 0,330712,
 0,330497,
 0,330284,
 0,330073,
 0,329864,
 0,329657,
 0,329452,
 0,329249,
 0,329047,
 0,328848,
 0,328651,
 0,328455,
 0,328262,
 0,328070,
 0,327880,
 0,327692,
 0,327506,
 0,327321,
 0,327138,
 0,326957,
 0,326778,
 0,326600,
 0,326424,
 0,326250,
 0,326077,
 0,325906,
 0,325737,
 0,325569,
 0,325403,
 0,325239,
 0,325076,
 0,324914,
 0,324754,
 0,324596,
 0,324439,
 0,324284,
 0,324130,
 0,323977,
 0,323826,
 0,323677,
 0,323529,
 0,323382,
 0,323236,
 0,323092,
 0,322950,
 0,322809,
 0,322669,
 0,322530,
 0,322393,
 0,322257,
 0,322122,
 0,321989,
 0,321856,
 0,321725,
 0,321596,
 0,321467,
 0,321340,
 0,321214,
 0,321089,
 0,320965,
 0,320843,
 0,320722,
 0,320601,
 0,320482,
 0,320364,
 0,320248,
 0,320132,
 0,320017,
 0,319904,
 0,319791,
 0,319680,
 0,319570,
 0,319460,
 0,319352,
 0,319245,
 0,319139,
 0,319033,
 0,318929,
 0,318826,
 0,318723,
 0,318622,
 0,318522,
 0,318422,
 0,318324,
 0,318226,
 0,318130,
 0,318034,
 0,317939,
 0,317845,
 0,317752,
 0,317660,
 0,317569,
 0,317478,
 0,317389,
 0,317300,
 0,317212,
 0,317125,
 0,317038,
 0,316953,
 0,316868,
 0,316785,
 0,316702,
 0,316619,
 0,316538,
 0,316457,
 0,316377,
 0,316298,
 0,316219,
 0,316142,
 0,316065,
 0,315988,
 0,315913,
 0,315838,
 0,315764,
 0,315690,
 0,315618,
 0,315546,
 0,315474,
 0,315403,
 0,315333,
 0,315264,
 0,315195,
 0,315127,
 0,315060,
 0,314993,
 0,314927,
 0,314861,
 0,314796,
 0,314732,
 0,314668,
 0,314605,
 0,314542,
 0,314480,
 0,314419,
 0,314358,
 0,314298,
 0,314238,
 0,314179,
 0,314121,
 0,314063,
 0,314005,
 0,313948,
 0,313892,
 0,313836,
 0,313781,
 0,313726,
 0,313672,
 0,313618,
 0,313565,
 0,313512,
 0,313460,
 0,313408,
 0,313357,
 0,313306,
 0,313255,
 0,313205,
 0,313156,
 0,313107,
 0,313059,
 0,313011,
 0,312963,
 0,312916,
 0,312869,
 0,312823,
 0,312777,
 0,312732,
 0,312687,
 0,312643,
 0,312598,
 0,312555,
 0,312512,
 0,312468,
 0,312426,
 0,312384,
 0,312342,
 0,312301,
 0,312260,
 0,312220,
 0,312180,
 0,312140,
 0,312100,
 0,312061,
 0,312023,
 0,311985,
 0,311947,
 0,311909,
 0,311872,
 0,311835,
 0,311799,
 0,311762,
 0,311726,
 0,311691,
 0,311656,
 0,311621,
 0,311587,
 0,311552,
 0,311518,
 0,311485,
 0,311452,
 0,311419,
 0,311386,
 0,311354,
 0,311322,
 0,311290,
 0,311259,
 0,311228,
 0,311197,
 0,311167,
 0,311136,
 0,311107,
 0,311077,
 0,311047,
 0,311018,
 0,310989,
 0,310961,
 0,310933,
 0,310905,
 0,310877,
 0,310849,
 0,310822,
 0,310795,
 0,310769,
 0,310742,
 0,310716,
 0,310690,
 0,310664,
 0,310639,
 0,310613,
 0,310588,
 0,310564,
 0,310539,
 0,310515,
 0,310491,
 0,310467,
 0,310443,
 0,310420,
 0,310397,
 0,310374,
 0,310351,
 0,310329,
 0,310306,
 0,310284,
 0,310262,
 0,310241,
 0,310219,
 0,310198,
 0,310177,
 0,310156,
 0,310135,
 0,310115,
 0,310094,
 0,310074,
 0,310054,
 0,310035,
 0,310015,
 0,309996,
 0,309976,
 0,309957,
 0,309939,
 0,309920,
 0,309902,
 0,309883,
 0,309865,
 0,309847,
 0,309830,
 0,309812,
 0,309794,
 0,309777,
 0,309760,
 0,309743,
 0,309726,
 0,309710,
 0,309693,
 0,309677,
 0,309661,
 0,309645,
 0,309629,
 0,309613,
 0,309598,
 0,309582,
 0,309567,
 0,309552,
 0,309537,
 0,309522,
 0,309507,
 0,309493,
 0,309478,
 0,309464,
 0,309450,
 0,309436,
 0,309422,
 0,309408,
 0,309395,
 0,309381,
 0,309368,
 0,309355,
 0,309342,
 0,309329,
 0,309316,
 0,309303,
 0,309291,
 0,309278,
 0,309266,
 0,309254,
 0,309241,
 0,309229,
 0,309217,
 0,309206,
 0,309194,
 0,309182,
 0,309171,
 0,309160,
 0,309148,
 0,309137,
 0,309126,
 0,309115,
 0,309104,
 0,309094,
 0,309083,
 0,309073,
 0,309062,
 0,309052,
 0,309042,
 0,309031,
 0,309021,
 0,309011,
 0,309002,
 0,308992,
 0,308982,
 0,308973,
 0,308963,
 0,308954,
 0,308945,
 0,308936,
 0,308926,
 0,308917,
 0,308908,
 0,308900,
 0,308891,
 0,308882,
 0,308874,
 0,308865,
 0,308857,
 0,308848,
 0,308840,
 0,308832,
 0,308824,
 0,308816,
 0,308808,
 0,308800,
 0,308792,
 0,308784,
 0,308777,
 0,308769,
 0,308762,
 0,308754,
 0,308747,
 0,308739,
 0,308732,
 0,308725,
 0,308718,
 0,308711,
 0,308704,
 0,308697,
 0,308690,
 0,308684,
 0,308677,
 0,308670,
 0,308664,
 0,308657,
 0,308651,
 0,308644,
 0,308638,
 0,308632,
 0,308626,
 0,308620,
 0,308614,
 0,308608,
 0,308602,
 0,308596,
 0,308590,
 0,308584,
 0,308578,
 0,308573,
 0,308567,
 0,308562,
 0,308556,
 0,308551,
 0,308545,
 0,308540,
 0,308535,
 0,308529,
 0,308524,
 0,308519,
 0,308514,
 0,308509,
 0,308504,
 0,308499,
 0,308494,
 0,308489,
 0,308484,
 0,308480,
 0,308475,
 0,308470,
 0,308466,
 0,308461,
 0,308457,
 0,308452,
 0,308448,
 0,308443,
 0,308439,
 0,308435,
 0,308430,
 0,308426,
 0,308422,
 0,308418,
 0,308414,
 0,308410,
 0,308406,
 0,308402,
 0,308398,
 0,308394,
 0,308390,
 0,308386,
 0,308382,
 0,308378,
 0,308375,
 0,308371,
 0,308367,
 0,308364,
 0,308360,
 0,308357,
 0,308353,
 0,308350,
 0,308346,
 0,308343,
 0,308340,
 0,308336,
 0,308333,
 0,308330,
 0,308326,
 0,308323,
 0,308320,
 0,308317,
 0,308314,
 0,308311,
 0,308308,
 0,308305,
 0,308302,
 0,308299,
 0,308296,
 0,308293,
 0,308290,
 0,308287,
 0,308284,
 0,308281,
 0,308279,
 0,308276,
 0,308273,
 0,308271,
 0,308268,
 0,308265,
 0,308263,
 0,308260,
 0,308258,
 0,308255,
 0,308253,
 0,308250,
 0,308248,
 0,308245,
 0,308243,
 0,308240,
 0,308238,
 0,308236,
 0,308233,
 0,308231,
 0,308229,
 0,308227,
 0,308224,
 0,308222,
 0,308220,
 0,308218,
 0,308216,
 0,308214,
 0,308211,
 0,308210,
 0,308207,
 0,308205,
 0,308204,
 0,308201,
 0,308199,
 0,308198,
 0,308196,
 0,308194,
 0,308192,
 0,308190,
 0,308188,
 0,308186,
 0,308185,
 0,308183,
 0,308181,
 0,308179,
 0,308177,
 0,308176,
 0,308174,
 0,308172,
 0,308171,
 0,308169,
 0,308167,
 0,308166,
 0,308164,
 0,308163,
 0,308161,
 0,308159,
 0,308158,
 0,308156,
 0,308155,
 0,308153,
 0,308152,
 0,308150,
 0,308149,
 0,308148,
 0,308146,
 0,308145,
 0,308143,
 0,308142,
 0,308141,
 0,308139,
 0,308138,
 0,308137,
 0,308135,
 0,308134,
 0,308133,
 0,308132,
 0,308130,
 0,308129,
 0,308128,
 0,308127,
 0,308125,
 0,308124,
 0,308123,
 0,308122,
 0,308121,
 0,308120,
 0,308118,
 0,308117,
 0,308116,
 0,308115,
 0,308114,
 0,308113,
 0,308112,
 O treinamento teve 866 epocas.
Vetor de pesos final: 
-1.8103274
1.3123504
1.6408216
-0.42584574
-1.1767322
Classificação de amostras do treino:3
Amostra:1 Classificação:-1
Amostra:2 Classificação:-1
Amostra:3 Classificação:1
Amostra:4 Classificação:-1
Amostra:5 Classificação:-1
Amostra:6 Classificação:1
Amostra:7 Classificação:1
Amostra:8 Classificação:1
Amostra:9 Classificação:1
Amostra:10 Classificação:-1
Amostra:11 Classificação:-1
Amostra:12 Classificação:1
Amostra:13 Classificação:-1
Amostra:14 Classificação:-1
Amostra:15 Classificação:1

Treinamento 4:
Vetor de pesos inicial: 
0.020484708
0.32910687
0.8609733
0.8953262
0.5930524
Vetor EQM de tamanho:872
5,065895,
 2,071154,
 1,233880,
 0,985336,
 0,900490,
 0,863355,
 0,841687,
 0,826101,
 0,813574,
 0,802934,
 0,793607,
 0,785248,
 0,777625,
 0,770572,
 0,763966,
 0,757718,
 0,751759,
 0,746038,
 0,740515,
 0,735163,
 0,729957,
 0,724880,
 0,719919,
 0,715064,
 0,710305,
 0,705636,
 0,701052,
 0,696548,
 0,692120,
 0,687765,
 0,683481,
 0,679264,
 0,675114,
 0,671027,
 0,667002,
 0,663038,
 0,659132,
 0,655284,
 0,651492,
 0,647755,
 0,644071,
 0,640440,
 0,636859,
 0,633329,
 0,629848,
 0,626415,
 0,623028,
 0,619688,
 0,616392,
 0,613141,
 0,609933,
 0,606767,
 0,603643,
 0,600560,
 0,597516,
 0,594512,
 0,591547,
 0,588619,
 0,585728,
 0,582873,
 0,580054,
 0,577270,
 0,574521,
 0,571805,
 0,569123,
 0,566473,
 0,563855,
 0,561269,
 0,558713,
 0,556189,
 0,553694,
 0,551228,
 0,548791,
 0,546383,
 0,544003,
 0,541650,
 0,539325,
 0,537026,
 0,534754,
 0,532507,
 0,530286,
 0,528090,
 0,525918,
 0,523771,
 0,521648,
 0,519548,
 0,517472,
 0,515418,
 0,513387,
 0,511379,
 0,509392,
 0,507427,
 0,505483,
 0,503560,
 0,501658,
 0,499776,
 0,497914,
 0,496073,
 0,494250,
 0,492448,
 0,490664,
 0,488899,
 0,487152,
 0,485425,
 0,483714,
 0,482022,
 0,480348,
 0,478691,
 0,477051,
 0,475428,
 0,473822,
 0,472232,
 0,470659,
 0,469101,
 0,467560,
 0,466034,
 0,464524,
 0,463030,
 0,461550,
 0,460086,
 0,458636,
 0,457201,
 0,455780,
 0,454374,
 0,452981,
 0,451603,
 0,450238,
 0,448888,
 0,447550,
 0,446226,
 0,444915,
 0,443617,
 0,442332,
 0,441060,
 0,439800,
 0,438553,
 0,437318,
 0,436095,
 0,434884,
 0,433685,
 0,432498,
 0,431322,
 0,430158,
 0,429006,
 0,427864,
 0,426734,
 0,425615,
 0,424506,
 0,423409,
 0,422322,
 0,421245,
 0,420180,
 0,419124,
 0,418079,
 0,417043,
 0,416018,
 0,415003,
 0,413997,
 0,413001,
 0,412015,
 0,411038,
 0,410071,
 0,409113,
 0,408164,
 0,407224,
 0,406293,
 0,405371,
 0,404458,
 0,403554,
 0,402659,
 0,401772,
 0,400893,
 0,400023,
 0,399161,
 0,398307,
 0,397462,
 0,396624,
 0,395795,
 0,394973,
 0,394159,
 0,393353,
 0,392555,
 0,391764,
 0,390980,
 0,390205,
 0,389436,
 0,388675,
 0,387921,
 0,387174,
 0,386434,
 0,385701,
 0,384975,
 0,384256,
 0,383544,
 0,382838,
 0,382140,
 0,381447,
 0,380762,
 0,380082,
 0,379409,
 0,378743,
 0,378083,
 0,377429,
 0,376781,
 0,376139,
 0,375504,
 0,374874,
 0,374250,
 0,373632,
 0,373020,
 0,372414,
 0,371813,
 0,371218,
 0,370629,
 0,370045,
 0,369466,
 0,368893,
 0,368326,
 0,367763,
 0,367206,
 0,366654,
 0,366108,
 0,365566,
 0,365030,
 0,364498,
 0,363972,
 0,363450,
 0,362934,
 0,362422,
 0,361915,
 0,361412,
 0,360915,
 0,360422,
 0,359934,
 0,359450,
 0,358971,
 0,358496,
 0,358026,
 0,357560,
 0,357098,
 0,356641,
 0,356188,
 0,355739,
 0,355295,
 0,354854,
 0,354418,
 0,353986,
 0,353557,
 0,353133,
 0,352713,
 0,352297,
 0,351884,
 0,351476,
 0,351071,
 0,350670,
 0,350273,
 0,349879,
 0,349489,
 0,349103,
 0,348720,
 0,348341,
 0,347965,
 0,347593,
 0,347225,
 0,346860,
 0,346498,
 0,346139,
 0,345784,
 0,345432,
 0,345084,
 0,344739,
 0,344397,
 0,344058,
 0,343722,
 0,343389,
 0,343060,
 0,342734,
 0,342410,
 0,342090,
 0,341772,
 0,341458,
 0,341146,
 0,340838,
 0,340532,
 0,340229,
 0,339929,
 0,339632,
 0,339337,
 0,339045,
 0,338756,
 0,338470,
 0,338186,
 0,337905,
 0,337626,
 0,337350,
 0,337077,
 0,336806,
 0,336538,
 0,336272,
 0,336008,
 0,335748,
 0,335489,
 0,335233,
 0,334979,
 0,334728,
 0,334479,
 0,334232,
 0,333988,
 0,333746,
 0,333506,
 0,333268,
 0,333033,
 0,332799,
 0,332568,
 0,332339,
 0,332112,
 0,331888,
 0,331665,
 0,331445,
 0,331226,
 0,331010,
 0,330795,
 0,330583,
 0,330372,
 0,330163,
 0,329957,
 0,329752,
 0,329549,
 0,329348,
 0,329149,
 0,328952,
 0,328756,
 0,328563,
 0,328371,
 0,328181,
 0,327993,
 0,327806,
 0,327622,
 0,327439,
 0,327257,
 0,327077,
 0,326899,
 0,326723,
 0,326548,
 0,326375,
 0,326204,
 0,326034,
 0,325865,
 0,325699,
 0,325533,
 0,325370,
 0,325208,
 0,325047,
 0,324888,
 0,324730,
 0,324574,
 0,324419,
 0,324266,
 0,324114,
 0,323963,
 0,323814,
 0,323666,
 0,323520,
 0,323375,
 0,323231,
 0,323089,
 0,322948,
 0,322808,
 0,322670,
 0,322533,
 0,322397,
 0,322262,
 0,322129,
 0,321997,
 0,321866,
 0,321736,
 0,321608,
 0,321480,
 0,321354,
 0,321229,
 0,321106,
 0,320983,
 0,320862,
 0,320741,
 0,320622,
 0,320504,
 0,320387,
 0,320271,
 0,320156,
 0,320042,
 0,319930,
 0,319818,
 0,319707,
 0,319597,
 0,319489,
 0,319381,
 0,319275,
 0,319169,
 0,319064,
 0,318961,
 0,318858,
 0,318756,
 0,318655,
 0,318555,
 0,318457,
 0,318359,
 0,318262,
 0,318165,
 0,318070,
 0,317975,
 0,317882,
 0,317789,
 0,317697,
 0,317606,
 0,317516,
 0,317427,
 0,317339,
 0,317251,
 0,317164,
 0,317078,
 0,316993,
 0,316908,
 0,316825,
 0,316742,
 0,316660,
 0,316578,
 0,316498,
 0,316418,
 0,316339,
 0,316261,
 0,316183,
 0,316106,
 0,316030,
 0,315955,
 0,315880,
 0,315806,
 0,315732,
 0,315660,
 0,315588,
 0,315516,
 0,315445,
 0,315375,
 0,315306,
 0,315237,
 0,315169,
 0,315102,
 0,315035,
 0,314969,
 0,314903,
 0,314838,
 0,314774,
 0,314710,
 0,314647,
 0,314584,
 0,314522,
 0,314460,
 0,314400,
 0,314339,
 0,314280,
 0,314220,
 0,314162,
 0,314104,
 0,314046,
 0,313989,
 0,313933,
 0,313877,
 0,313821,
 0,313766,
 0,313712,
 0,313658,
 0,313605,
 0,313552,
 0,313499,
 0,313447,
 0,313396,
 0,313345,
 0,313295,
 0,313244,
 0,313195,
 0,313146,
 0,313097,
 0,313049,
 0,313001,
 0,312954,
 0,312907,
 0,312861,
 0,312815,
 0,312769,
 0,312724,
 0,312679,
 0,312635,
 0,312591,
 0,312548,
 0,312505,
 0,312462,
 0,312420,
 0,312378,
 0,312337,
 0,312295,
 0,312255,
 0,312214,
 0,312174,
 0,312135,
 0,312096,
 0,312057,
 0,312018,
 0,311980,
 0,311942,
 0,311905,
 0,311868,
 0,311831,
 0,311795,
 0,311759,
 0,311723,
 0,311688,
 0,311653,
 0,311618,
 0,311584,
 0,311550,
 0,311516,
 0,311483,
 0,311450,
 0,311417,
 0,311384,
 0,311352,
 0,311320,
 0,311289,
 0,311257,
 0,311226,
 0,311196,
 0,311165,
 0,311135,
 0,311105,
 0,311076,
 0,311046,
 0,311017,
 0,310989,
 0,310960,
 0,310932,
 0,310904,
 0,310876,
 0,310849,
 0,310822,
 0,310795,
 0,310768,
 0,310742,
 0,310716,
 0,310690,
 0,310664,
 0,310639,
 0,310614,
 0,310589,
 0,310564,
 0,310539,
 0,310515,
 0,310491,
 0,310467,
 0,310444,
 0,310420,
 0,310397,
 0,310374,
 0,310352,
 0,310329,
 0,310307,
 0,310285,
 0,310263,
 0,310241,
 0,310220,
 0,310199,
 0,310178,
 0,310157,
 0,310136,
 0,310116,
 0,310095,
 0,310075,
 0,310055,
 0,310036,
 0,310016,
 0,309997,
 0,309978,
 0,309959,
 0,309940,
 0,309921,
 0,309903,
 0,309885,
 0,309866,
 0,309849,
 0,309831,
 0,309813,
 0,309796,
 0,309779,
 0,309761,
 0,309745,
 0,309728,
 0,309711,
 0,309695,
 0,309678,
 0,309662,
 0,309646,
 0,309630,
 0,309615,
 0,309599,
 0,309584,
 0,309569,
 0,309553,
 0,309538,
 0,309524,
 0,309509,
 0,309494,
 0,309480,
 0,309466,
 0,309452,
 0,309437,
 0,309424,
 0,309410,
 0,309396,
 0,309383,
 0,309370,
 0,309356,
 0,309343,
 0,309330,
 0,309317,
 0,309305,
 0,309292,
 0,309280,
 0,309267,
 0,309255,
 0,309243,
 0,309231,
 0,309219,
 0,309207,
 0,309195,
 0,309184,
 0,309172,
 0,309161,
 0,309150,
 0,309139,
 0,309128,
 0,309117,
 0,309106,
 0,309095,
 0,309085,
 0,309074,
 0,309064,
 0,309053,
 0,309043,
 0,309033,
 0,309023,
 0,309013,
 0,309003,
 0,308993,
 0,308984,
 0,308974,
 0,308965,
 0,308955,
 0,308946,
 0,308937,
 0,308928,
 0,308919,
 0,308910,
 0,308901,
 0,308892,
 0,308883,
 0,308875,
 0,308866,
 0,308858,
 0,308850,
 0,308841,
 0,308833,
 0,308825,
 0,308817,
 0,308809,
 0,308801,
 0,308793,
 0,308786,
 0,308778,
 0,308770,
 0,308763,
 0,308755,
 0,308748,
 0,308741,
 0,308733,
 0,308726,
 0,308719,
 0,308712,
 0,308705,
 0,308698,
 0,308692,
 0,308685,
 0,308678,
 0,308672,
 0,308665,
 0,308658,
 0,308652,
 0,308646,
 0,308639,
 0,308633,
 0,308627,
 0,308621,
 0,308615,
 0,308609,
 0,308603,
 0,308597,
 0,308591,
 0,308585,
 0,308579,
 0,308574,
 0,308568,
 0,308562,
 0,308557,
 0,308552,
 0,308546,
 0,308541,
 0,308535,
 0,308530,
 0,308525,
 0,308520,
 0,308515,
 0,308510,
 0,308505,
 0,308500,
 0,308495,
 0,308490,
 0,308485,
 0,308480,
 0,308476,
 0,308471,
 0,308466,
 0,308462,
 0,308457,
 0,308453,
 0,308448,
 0,308444,
 0,308440,
 0,308435,
 0,308431,
 0,308427,
 0,308423,
 0,308419,
 0,308414,
 0,308410,
 0,308406,
 0,308402,
 0,308398,
 0,308394,
 0,308391,
 0,308387,
 0,308383,
 0,308379,
 0,308375,
 0,308372,
 0,308368,
 0,308364,
 0,308361,
 0,308357,
 0,308354,
 0,308350,
 0,308347,
 0,308343,
 0,308340,
 0,308337,
 0,308333,
 0,308330,
 0,308327,
 0,308324,
 0,308321,
 0,308317,
 0,308314,
 0,308311,
 0,308308,
 0,308305,
 0,308302,
 0,308299,
 0,308296,
 0,308293,
 0,308290,
 0,308288,
 0,308285,
 0,308282,
 0,308279,
 0,308276,
 0,308274,
 0,308271,
 0,308268,
 0,308266,
 0,308263,
 0,308261,
 0,308258,
 0,308255,
 0,308253,
 0,308251,
 0,308248,
 0,308246,
 0,308243,
 0,308241,
 0,308239,
 0,308236,
 0,308234,
 0,308231,
 0,308229,
 0,308227,
 0,308225,
 0,308223,
 0,308220,
 0,308218,
 0,308216,
 0,308214,
 0,308212,
 0,308210,
 0,308208,
 0,308206,
 0,308204,
 0,308202,
 0,308200,
 0,308198,
 0,308196,
 0,308194,
 0,308192,
 0,308190,
 0,308188,
 0,308187,
 0,308185,
 0,308183,
 0,308181,
 0,308180,
 0,308178,
 0,308176,
 0,308174,
 0,308173,
 0,308171,
 0,308169,
 0,308168,
 0,308166,
 0,308164,
 0,308163,
 0,308161,
 0,308160,
 0,308158,
 0,308157,
 0,308155,
 0,308154,
 0,308152,
 0,308151,
 0,308149,
 0,308148,
 0,308146,
 0,308145,
 0,308144,
 0,308142,
 0,308141,
 0,308139,
 0,308138,
 0,308137,
 0,308136,
 0,308134,
 0,308133,
 0,308132,
 0,308130,
 0,308129,
 0,308128,
 0,308127,
 0,308126,
 0,308124,
 0,308123,
 0,308122,
 0,308121,
 0,308120,
 0,308119,
 0,308118,
 0,308116,
 0,308115,
 0,308114,
 O treinamento teve 872 epocas.
Vetor de pesos final: 
-1.8098892
1.3123901
1.6407403
-0.42531407
-1.1766546
Classificação de amostras do treino:4
Amostra:1 Classificação:-1
Amostra:2 Classificação:-1
Amostra:3 Classificação:1
Amostra:4 Classificação:-1
Amostra:5 Classificação:-1
Amostra:6 Classificação:1
Amostra:7 Classificação:1
Amostra:8 Classificação:1
Amostra:9 Classificação:1
Amostra:10 Classificação:-1
Amostra:11 Classificação:-1
Amostra:12 Classificação:1
Amostra:13 Classificação:-1
Amostra:14 Classificação:-1
Amostra:15 Classificação:1

Treinamento 5:
Vetor de pesos inicial: 
0.08450631
0.36749575
0.53272057
0.19188723
0.33533582
Vetor EQM de tamanho:857
2,358714,
 1,308711,
 0,997110,
 0,891734,
 0,846855,
 0,821718,
 0,804349,
 0,790847,
 0,779689,
 0,770130,
 0,761730,
 0,754194,
 0,747317,
 0,740946,
 0,734972,
 0,729310,
 0,723900,
 0,718694,
 0,713657,
 0,708763,
 0,703991,
 0,699326,
 0,694755,
 0,690270,
 0,685864,
 0,681529,
 0,677263,
 0,673061,
 0,668920,
 0,664838,
 0,660813,
 0,656843,
 0,652927,
 0,649063,
 0,645249,
 0,641486,
 0,637772,
 0,634106,
 0,630487,
 0,626913,
 0,623386,
 0,619903,
 0,616464,
 0,613069,
 0,609716,
 0,606405,
 0,603135,
 0,599906,
 0,596717,
 0,593567,
 0,590456,
 0,587384,
 0,584349,
 0,581351,
 0,578390,
 0,575465,
 0,572575,
 0,569720,
 0,566900,
 0,564114,
 0,561362,
 0,558642,
 0,555955,
 0,553301,
 0,550677,
 0,548086,
 0,545525,
 0,542994,
 0,540493,
 0,538022,
 0,535580,
 0,533167,
 0,530782,
 0,528424,
 0,526095,
 0,523793,
 0,521517,
 0,519268,
 0,517045,
 0,514848,
 0,512676,
 0,510530,
 0,508407,
 0,506310,
 0,504237,
 0,502187,
 0,500161,
 0,498158,
 0,496177,
 0,494220,
 0,492284,
 0,490371,
 0,488479,
 0,486608,
 0,484759,
 0,482930,
 0,481122,
 0,479335,
 0,477568,
 0,475820,
 0,474092,
 0,472383,
 0,470693,
 0,469022,
 0,467370,
 0,465736,
 0,464120,
 0,462522,
 0,460942,
 0,459379,
 0,457833,
 0,456304,
 0,454793,
 0,453297,
 0,451819,
 0,450356,
 0,448909,
 0,447478,
 0,446063,
 0,444663,
 0,443279,
 0,441909,
 0,440555,
 0,439215,
 0,437889,
 0,436578,
 0,435281,
 0,433998,
 0,432729,
 0,431473,
 0,430231,
 0,429002,
 0,427787,
 0,426584,
 0,425394,
 0,424218,
 0,423053,
 0,421901,
 0,420761,
 0,419634,
 0,418518,
 0,417414,
 0,416322,
 0,415242,
 0,414172,
 0,413115,
 0,412068,
 0,411032,
 0,410008,
 0,408994,
 0,407990,
 0,406998,
 0,406015,
 0,405043,
 0,404082,
 0,403130,
 0,402188,
 0,401256,
 0,400334,
 0,399421,
 0,398518,
 0,397624,
 0,396740,
 0,395864,
 0,394998,
 0,394141,
 0,393292,
 0,392453,
 0,391622,
 0,390799,
 0,389986,
 0,389180,
 0,388383,
 0,387594,
 0,386813,
 0,386040,
 0,385275,
 0,384518,
 0,383768,
 0,383027,
 0,382293,
 0,381566,
 0,380847,
 0,380135,
 0,379430,
 0,378733,
 0,378043,
 0,377359,
 0,376683,
 0,376013,
 0,375351,
 0,374695,
 0,374046,
 0,373403,
 0,372767,
 0,372137,
 0,371513,
 0,370896,
 0,370285,
 0,369680,
 0,369082,
 0,368489,
 0,367902,
 0,367322,
 0,366747,
 0,366177,
 0,365614,
 0,365056,
 0,364504,
 0,363957,
 0,363416,
 0,362880,
 0,362350,
 0,361825,
 0,361305,
 0,360790,
 0,360280,
 0,359776,
 0,359276,
 0,358782,
 0,358292,
 0,357807,
 0,357327,
 0,356852,
 0,356382,
 0,355916,
 0,355455,
 0,354998,
 0,354546,
 0,354098,
 0,353655,
 0,353216,
 0,352782,
 0,352352,
 0,351926,
 0,351504,
 0,351086,
 0,350673,
 0,350263,
 0,349858,
 0,349457,
 0,349059,
 0,348666,
 0,348276,
 0,347890,
 0,347508,
 0,347130,
 0,346755,
 0,346384,
 0,346017,
 0,345653,
 0,345293,
 0,344936,
 0,344583,
 0,344233,
 0,343887,
 0,343544,
 0,343204,
 0,342868,
 0,342535,
 0,342206,
 0,341879,
 0,341556,
 0,341235,
 0,340918,
 0,340604,
 0,340293,
 0,339985,
 0,339680,
 0,339378,
 0,339079,
 0,338783,
 0,338490,
 0,338199,
 0,337912,
 0,337627,
 0,337345,
 0,337066,
 0,336789,
 0,336515,
 0,336244,
 0,335975,
 0,335709,
 0,335445,
 0,335184,
 0,334926,
 0,334670,
 0,334416,
 0,334165,
 0,333917,
 0,333670,
 0,333426,
 0,333185,
 0,332945,
 0,332709,
 0,332474,
 0,332242,
 0,332012,
 0,331783,
 0,331558,
 0,331334,
 0,331113,
 0,330893,
 0,330676,
 0,330461,
 0,330248,
 0,330037,
 0,329828,
 0,329621,
 0,329416,
 0,329213,
 0,329012,
 0,328813,
 0,328615,
 0,328420,
 0,328226,
 0,328035,
 0,327845,
 0,327657,
 0,327471,
 0,327286,
 0,327103,
 0,326923,
 0,326743,
 0,326566,
 0,326390,
 0,326216,
 0,326043,
 0,325873,
 0,325703,
 0,325536,
 0,325370,
 0,325205,
 0,325042,
 0,324881,
 0,324721,
 0,324563,
 0,324406,
 0,324251,
 0,324097,
 0,323945,
 0,323794,
 0,323645,
 0,323497,
 0,323350,
 0,323205,
 0,323061,
 0,322919,
 0,322777,
 0,322638,
 0,322499,
 0,322362,
 0,322226,
 0,322092,
 0,321958,
 0,321826,
 0,321696,
 0,321566,
 0,321438,
 0,321311,
 0,321185,
 0,321060,
 0,320937,
 0,320814,
 0,320693,
 0,320573,
 0,320454,
 0,320336,
 0,320220,
 0,320104,
 0,319990,
 0,319877,
 0,319764,
 0,319653,
 0,319543,
 0,319434,
 0,319326,
 0,319218,
 0,319112,
 0,319007,
 0,318903,
 0,318800,
 0,318698,
 0,318597,
 0,318497,
 0,318397,
 0,318299,
 0,318202,
 0,318105,
 0,318010,
 0,317915,
 0,317821,
 0,317728,
 0,317636,
 0,317545,
 0,317455,
 0,317365,
 0,317277,
 0,317189,
 0,317102,
 0,317016,
 0,316931,
 0,316846,
 0,316763,
 0,316680,
 0,316598,
 0,316516,
 0,316436,
 0,316356,
 0,316277,
 0,316199,
 0,316121,
 0,316044,
 0,315968,
 0,315893,
 0,315818,
 0,315744,
 0,315671,
 0,315598,
 0,315526,
 0,315455,
 0,315384,
 0,315315,
 0,315245,
 0,315177,
 0,315109,
 0,315041,
 0,314975,
 0,314908,
 0,314843,
 0,314778,
 0,314714,
 0,314650,
 0,314587,
 0,314525,
 0,314463,
 0,314402,
 0,314341,
 0,314281,
 0,314222,
 0,314163,
 0,314104,
 0,314046,
 0,313989,
 0,313932,
 0,313876,
 0,313820,
 0,313765,
 0,313711,
 0,313656,
 0,313603,
 0,313550,
 0,313497,
 0,313445,
 0,313393,
 0,313342,
 0,313291,
 0,313241,
 0,313191,
 0,313142,
 0,313093,
 0,313045,
 0,312997,
 0,312950,
 0,312903,
 0,312856,
 0,312810,
 0,312764,
 0,312719,
 0,312674,
 0,312630,
 0,312586,
 0,312542,
 0,312499,
 0,312456,
 0,312414,
 0,312372,
 0,312330,
 0,312289,
 0,312248,
 0,312208,
 0,312168,
 0,312128,
 0,312089,
 0,312050,
 0,312012,
 0,311973,
 0,311936,
 0,311898,
 0,311861,
 0,311824,
 0,311788,
 0,311752,
 0,311716,
 0,311680,
 0,311646,
 0,311611,
 0,311576,
 0,311542,
 0,311509,
 0,311475,
 0,311442,
 0,311409,
 0,311377,
 0,311344,
 0,311313,
 0,311281,
 0,311250,
 0,311219,
 0,311188,
 0,311157,
 0,311127,
 0,311097,
 0,311068,
 0,311039,
 0,311010,
 0,310981,
 0,310952,
 0,310924,
 0,310896,
 0,310869,
 0,310841,
 0,310814,
 0,310787,
 0,310760,
 0,310734,
 0,310708,
 0,310682,
 0,310656,
 0,310631,
 0,310606,
 0,310581,
 0,310556,
 0,310532,
 0,310508,
 0,310483,
 0,310460,
 0,310436,
 0,310413,
 0,310390,
 0,310367,
 0,310344,
 0,310322,
 0,310299,
 0,310277,
 0,310255,
 0,310234,
 0,310212,
 0,310191,
 0,310170,
 0,310149,
 0,310129,
 0,310108,
 0,310088,
 0,310068,
 0,310048,
 0,310028,
 0,310009,
 0,309990,
 0,309970,
 0,309952,
 0,309933,
 0,309914,
 0,309896,
 0,309877,
 0,309860,
 0,309842,
 0,309824,
 0,309806,
 0,309789,
 0,309772,
 0,309755,
 0,309738,
 0,309721,
 0,309705,
 0,309688,
 0,309672,
 0,309656,
 0,309640,
 0,309624,
 0,309608,
 0,309593,
 0,309577,
 0,309562,
 0,309547,
 0,309532,
 0,309517,
 0,309503,
 0,309488,
 0,309474,
 0,309460,
 0,309446,
 0,309432,
 0,309418,
 0,309404,
 0,309390,
 0,309377,
 0,309364,
 0,309351,
 0,309338,
 0,309325,
 0,309312,
 0,309299,
 0,309287,
 0,309274,
 0,309262,
 0,309250,
 0,309237,
 0,309225,
 0,309214,
 0,309202,
 0,309190,
 0,309179,
 0,309167,
 0,309156,
 0,309145,
 0,309134,
 0,309123,
 0,309112,
 0,309101,
 0,309090,
 0,309080,
 0,309069,
 0,309059,
 0,309049,
 0,309038,
 0,309028,
 0,309018,
 0,309008,
 0,308999,
 0,308989,
 0,308979,
 0,308970,
 0,308960,
 0,308951,
 0,308942,
 0,308933,
 0,308923,
 0,308915,
 0,308906,
 0,308897,
 0,308888,
 0,308879,
 0,308871,
 0,308862,
 0,308854,
 0,308846,
 0,308837,
 0,308829,
 0,308821,
 0,308813,
 0,308805,
 0,308797,
 0,308790,
 0,308782,
 0,308774,
 0,308767,
 0,308759,
 0,308752,
 0,308744,
 0,308737,
 0,308730,
 0,308723,
 0,308716,
 0,308709,
 0,308702,
 0,308695,
 0,308688,
 0,308681,
 0,308675,
 0,308668,
 0,308662,
 0,308655,
 0,308649,
 0,308643,
 0,308636,
 0,308630,
 0,308624,
 0,308618,
 0,308612,
 0,308606,
 0,308600,
 0,308594,
 0,308588,
 0,308582,
 0,308577,
 0,308571,
 0,308565,
 0,308560,
 0,308554,
 0,308549,
 0,308543,
 0,308538,
 0,308533,
 0,308528,
 0,308522,
 0,308517,
 0,308512,
 0,308507,
 0,308502,
 0,308497,
 0,308492,
 0,308488,
 0,308483,
 0,308478,
 0,308473,
 0,308469,
 0,308464,
 0,308460,
 0,308455,
 0,308451,
 0,308446,
 0,308442,
 0,308438,
 0,308433,
 0,308429,
 0,308425,
 0,308421,
 0,308416,
 0,308412,
 0,308408,
 0,308404,
 0,308400,
 0,308396,
 0,308392,
 0,308389,
 0,308385,
 0,308381,
 0,308377,
 0,308374,
 0,308370,
 0,308366,
 0,308363,
 0,308359,
 0,308356,
 0,308352,
 0,308349,
 0,308345,
 0,308342,
 0,308338,
 0,308335,
 0,308332,
 0,308328,
 0,308325,
 0,308322,
 0,308319,
 0,308316,
 0,308313,
 0,308310,
 0,308307,
 0,308304,
 0,308301,
 0,308298,
 0,308295,
 0,308292,
 0,308289,
 0,308286,
 0,308283,
 0,308281,
 0,308278,
 0,308275,
 0,308272,
 0,308270,
 0,308267,
 0,308264,
 0,308262,
 0,308259,
 0,308257,
 0,308254,
 0,308252,
 0,308249,
 0,308247,
 0,308244,
 0,308242,
 0,308240,
 0,308237,
 0,308235,
 0,308233,
 0,308230,
 0,308228,
 0,308226,
 0,308224,
 0,308222,
 0,308219,
 0,308217,
 0,308215,
 0,308213,
 0,308211,
 0,308209,
 0,308207,
 0,308205,
 0,308203,
 0,308201,
 0,308199,
 0,308197,
 0,308195,
 0,308193,
 0,308191,
 0,308189,
 0,308188,
 0,308186,
 0,308184,
 0,308182,
 0,308180,
 0,308179,
 0,308177,
 0,308175,
 0,308174,
 0,308172,
 0,308170,
 0,308169,
 0,308167,
 0,308165,
 0,308164,
 0,308162,
 0,308160,
 0,308159,
 0,308157,
 0,308156,
 0,308154,
 0,308153,
 0,308151,
 0,308150,
 0,308149,
 0,308147,
 0,308146,
 0,308144,
 0,308143,
 0,308142,
 0,308140,
 0,308139,
 0,308138,
 0,308136,
 0,308135,
 0,308134,
 0,308132,
 0,308131,
 0,308130,
 0,308129,
 0,308127,
 0,308126,
 0,308125,
 0,308124,
 0,308123,
 0,308122,
 0,308120,
 0,308119,
 0,308118,
 0,308117,
 0,308116,
 0,308115,
 0,308114,
 0,308113,
 0,308112,
 0,308110,
 0,308109,
 0,308108,
 O treinamento teve 857 epocas.
Vetor de pesos final: 
-1.8109046
1.312443
1.6411108
-0.42625985
-1.1769391
Classificação de amostras do treino:5
Amostra:1 Classificação:-1
Amostra:2 Classificação:-1
Amostra:3 Classificação:1
Amostra:4 Classificação:-1
Amostra:5 Classificação:-1
Amostra:6 Classificação:1
Amostra:7 Classificação:1
Amostra:8 Classificação:1
Amostra:9 Classificação:1
Amostra:10 Classificação:-1
Amostra:11 Classificação:-1
Amostra:12 Classificação:1
Amostra:13 Classificação:-1
Amostra:14 Classificação:-1
Amostra:15 Classificação:1

CONSTRUÍDO COM SUCESSO (tempo total: 3 segundos)
